L1

7.9,4
5,4
2.5,4
2.5,6
2.5,11
2,12.5
1.5,14
end        

L2          

4.4,5.7
7.2,5.7
7.2,9
6.5,9.5
5.4,9.5
end

L3          

4.4,5.7		
4.4,13.5
6,12.3
end

L4
8.4,4
15.4,4
end
L5
11.3,4
11.1,5.7
end
L6
8.3,5.7
14.7,5.7
end
L7
8.3,5.7
8.3,9.5
end
L8
14.7,5.7
14.7,9.4
end
L9
11.1,6.5
10.3,9.8
8.2,14
end
L1
10.3,9.8
14.1,14
end
end

L1
4.4,17.3
2.8,21.5
5.5,21.5
end
L2
7.0,19.5
5.5,21.5
2.9,24.5
5.5,24
end
L3
2.8,27
5.5,26.5
end
L4
8.7,17.3
8.2,19.7
12.4,19.7
end
L5
8.5,18.5
12.5,18.5
12.1,21.0
end
L6
6.6,21.0
14.0,21.0
end
L7
10.3,21.0
7.0,23.5
end
L8
10.3,21.0
10.7,23.5
10.9,24.8
11.3,25.5
11.1,26.5
10.0,26.9
end
L9
10.7,23.5
7.0,25.5
end
L1
10.9,24.8
7.6,27.5
end
L2
12.9,22.4
11,24.3
end
L3
11,24.3
15,25.6
end

